0 0.227058 0.742337 0.227775 0.702839 0.175621 0.701880 0.174895 0.741382
0 0.310127 0.368598 0.273441 0.368180 0.272871 0.418259 0.309556 0.418677
0 0.769838 0.815507 0.733780 0.815089 0.733157 0.868859 0.769216 0.869277
0 0.396651 0.624481 0.440789 0.625649 0.442191 0.572648 0.398053 0.571480
0 0.810951 0.318650 0.779014 0.318157 0.778509 0.350841 0.810446 0.351334
0 0.339342 0.300670 0.338922 0.265805 0.294184 0.266344 0.294604 0.301209
0 0.821527 0.221700 0.778263 0.222190 0.778855 0.274499 0.822119 0.274009
0 0.783742 0.101993 0.782869 0.150119 0.837263 0.151107 0.838137 0.102981
0 0.854700 0.785121 0.853766 0.836883 0.913493 0.837961 0.914426 0.786199
0 0.871614 0.626426 0.913773 0.625809 0.913146 0.582964 0.870987 0.583581
0 0.817001 0.058692 0.849078 0.059238 0.849798 0.016971 0.817720 0.016425
