0 0.374272 0.813469 0.341627 0.812940 0.341055 0.848217 0.373700 0.848746
0 0.094523 0.330452 0.094158 0.299174 0.062490 0.299544 0.062855 0.330822
0 0.094868 0.265333 0.094359 0.225248 0.053880 0.225762 0.054389 0.265847
0 0.172985 0.183547 0.140008 0.183948 0.140536 0.227255 0.173513 0.226853
0 0.135353 0.205979 0.135016 0.177008 0.100131 0.177415 0.100468 0.206385
0 0.155517 0.167942 0.155048 0.128829 0.107009 0.129404 0.107478 0.168517
0 0.280142 0.050428 0.313347 0.051275 0.314313 0.013403 0.281108 0.012556
0 0.337805 0.549028 0.337409 0.579621 0.373200 0.580084 0.373596 0.549491
0 0.415610 0.320797 0.415204 0.289361 0.375424 0.289875 0.375830 0.321311
0 0.960650 0.083274 0.916469 0.083581 0.916758 0.125248 0.960939 0.124941
