0 0.921829 0.780740 0.921058 0.717674 0.837335 0.718698 0.838106 0.781764
0 0.766870 0.489513 0.804112 0.488140 0.802638 0.448159 0.765396 0.449532
0 0.861734 0.463313 0.861331 0.436559 0.834546 0.436962 0.834949 0.463716
0 0.253356 0.374245 0.220746 0.373755 0.220183 0.411253 0.252793 0.411743
0 0.211163 0.398557 0.210546 0.368877 0.178278 0.369548 0.178895 0.399228
0 0.642178 0.345558 0.642078 0.385837 0.699208 0.386053 0.699338 0.345743
0 0.713591 0.311925 0.713448 0.382120 0.817254 0.382332 0.817397 0.312137
0 0.603217 0.298701 0.682076 0.299295 0.682635 0.229576 0.603790 0.228943
0 0.842036 0.223821 0.841451 0.177363 0.781293 0.178120 0.781878 0.224578
0 0.558857 0.121256 0.559830 0.209114 0.663094 0.207886 0.662065 0.120047
0 0.831997 0.066681 0.784493 0.071082 0.788969 0.119400 0.836473 0.114999
0 0.766104 0.091535 0.765659 0.057100 0.728143 0.057585 0.728588 0.092020
