0 0.112647 0.929098 0.110740 0.993245 0.199865 0.995894 0.201772 0.931747
0 0.054987 0.854569 0.055757 0.911083 0.134474 0.910010 0.133704 0.853496
0 0.195672 0.715831 0.248855 0.716858 0.249794 0.666782 0.196674 0.665749
0 0.515606 0.341254 0.570780 0.339798 0.569318 0.284359 0.514143 0.285815
0 0.569145 0.060695 0.567820 0.027587 0.515234 0.029692 0.516559 0.062800
0 0.356446 0.573242 0.268555 0.573242 0.268555 0.666992 0.356446 0.666992
0 0.257813 0.552734 0.202149 0.552734 0.202149 0.622070 0.257813 0.622070
0 0.347656 0.526367 0.311524 0.526367 0.311524 0.560547 0.347656 0.560547
0 0.376135 0.308520 0.344499 0.308948 0.344996 0.345738 0.376633 0.345310
0 0.372314 0.126423 0.373755 0.164981 0.414888 0.163443 0.413446 0.124885
0 0.358614 0.027917 0.359235 0.058966 0.398226 0.058187 0.397606 0.027138
