0 0.9622 0.765742 0.143491 0.765744 0.107373 0.733415 0.107371 0.733412 0.143489
0 0.9601 0.623667 0.572549 0.623652 0.519327 0.579056 0.519340 0.579071 0.572562
0 0.9593 0.378901 0.179275 0.378876 0.132794 0.331447 0.132820 0.331472 0.179301
0 0.9574 0.179837 0.283913 0.179829 0.239385 0.143094 0.239392 0.143102 0.283920
0 0.9516 0.848455 0.242879 0.848432 0.187012 0.786625 0.187037 0.786647 0.242903
0 0.9465 0.468347 0.935456 0.468344 0.901670 0.435388 0.901674 0.435391 0.935459
0 0.9190 0.696145 0.104716 0.696133 0.014978 0.608685 0.014989 0.608696 0.104727
0 0.8744 0.646727 0.848434 0.646725 0.772354 0.594489 0.772356 0.594491 0.848435
0 0.8718 0.313593 0.624245 0.313557 0.569476 0.257302 0.569512 0.257337 0.624281
0 0.8482 0.812826 1.000351 0.812835 0.966105 0.772951 0.966094 0.772942 1.000340
0 0.8200 0.522513 1.000124 0.522525 0.967077 0.481297 0.967062 0.481285 1.000110
0 0.6192 0.668060 1.000106 0.668062 0.953278 0.589527 0.953276 0.589525 1.000103
0 0.2928 0.998221 1.000410 0.998218 0.988351 0.949933 0.988365 0.949937 1.000424
