0 0.9754 0.611807 0.754304 0.611810 0.716294 0.567802 0.716290 0.567799 0.754300
0 0.9708 0.584842 0.325448 0.584830 0.281765 0.544450 0.281776 0.544462 0.325459
0 0.9669 0.691244 0.371855 0.691237 0.336512 0.656376 0.336520 0.656384 0.371862
0 0.9645 0.604386 0.091261 0.604384 0.052300 0.567409 0.052301 0.567410 0.091263
0 0.9608 0.599358 0.246757 0.599346 0.180174 0.535953 0.180186 0.535965 0.246768
0 0.9564 0.212079 0.792423 0.212054 0.744374 0.165652 0.744397 0.165676 0.792447
0 0.9515 0.080669 0.999178 0.080670 0.964704 0.049932 0.964703 0.049931 0.999177
0 0.9458 0.587622 0.364316 0.587622 0.334641 0.555084 0.334641 0.555085 0.364317
0 0.9392 0.284394 0.403628 0.284377 0.373324 0.250177 0.373344 0.250195 0.403648
0 0.9250 0.636908 0.019819 0.636875 -0.000249 0.600666 -0.000191 0.600699 0.019877
0 0.8651 0.152451 0.322736 0.152451 0.295013 0.127563 0.295013 0.127564 0.322737
0 0.3523 0.014496 0.544039 0.014542 0.501935 0.000370 0.501920 0.000325 0.544023
